30
6
5 2 4 6 3 1
6
2 4 8 16 32 64
3
1 1 1
3
200000 200000 200000
200
8626 9419 180996 79707 111714 59823 188891 153974 87102 91980 96353 31938 120821 195621 132520 134448 43196 34619 187641 183128 171005 44501 140900 91241 171533 121893 20019 191739 8669 131198 69522 183460 170645 121922 104506 23247 169251 67112 1346 31546 197714 75431 160920 184914 73142 125087 143434 50629 183738 83550 112625 165844 8300 113972 6899 92190 172791 147392 122563 50146 74913 118548 30010 72192 92220 21607 50611 147443 65915 167879 162716 188763 75886 147194 10051 32483 94945 41400 142704 82987 114080 35662 199711 28670 53293 4758 175964 138276 77414 196748 93488 49022 196192 128071 40748 147456 182753 40667 138914 164439 85187 106880 172722 31745 105149 156659 162265 195050 93553 124688 92380 124290 69422 169053 117716 99150 177955 67230 159364 114074 29118 3848 130384 130731 102104 117846 8802 62136 54344 148881 26778 30143 26309 170915 183443 129401 86815 127393 150343 137118 150331 108972 27895 37000 98609 4483 12954 192893 22665 105611 113467 185258 183126 100335 17054 149123 35272 108479 198130 140310 173932 61973 139978 26445 119980 142461 45227 21556 16009 45603 50054 108152 181929 43044 136080 33968 169450 158104 187041 98482 92697 60731 47075 11626 57188 141563 105038 185236 21208 2818 3487 123015 37795 38921 21057 52794 104137 19870 61019 137398
200
0 0 0 0 0 0 0 0 0 0 0 0 0 0 0 0 0 0 0 0 0 0 0 0 0 0 0 0 0 0 0 0 0 0 0 0 0 0 0 0 0 0 0 0 0 0 0 0 0 0 0 0 0 0 0 0 0 0 0 0 0 0 0 0 0 0 0 0 0 0 0 0 0 0 0 0 0 0 0 0 0 0 0 0 0 0 0 0 0 0 0 0 0 0 0 0 0 0 0 0 104573 95313 51430 195480 188312 88080 53516 197598 19434 62778 124712 179150 55175 192900 191937 22339 54795 63437 71666 82593 158211 106937 29335 113771 39405 66796 84796 63546 152926 64836 156995 157377 163628 125460 117708 182974 17728 189673 169736 172947 106289 23948 38461 60592 17053 165340 19 100183 14582 17785 74809 79889 101493 46952 26246 19721 56585 99071 123732 57523 30392 171582 90844 102223 158466 67795 78682 161220 35286 94969 159935 87017 155076 152362 16947 18065 32577 146671 184276 62347 80157 103889 139303 168416 122007 196227 89248 27185 179142 23742 28517 45921 137319 86912 105078 79132 121022 141096 112622 13307
200
42240 660 142560 114180 3300 89430 76890 118800 110550 90420 9240 20460 36300 34944 546 117936 94458 2730 73983 63609 98280 91455 74802 7644 16926 30030 29440 460 99360 79580 2300 62330 53590 82800 77050 63020 6440 14260 25300 25728 402 86832 69546 2010 54471 46833 72360 67335 55074 5628 12462 22110 40832 638 137808 110374 3190 86449 74327 114840 106865 87406 8932 19778 35090 10112 158 34128 27334 790 21409 18407 28440 26465 21646 2212 4898 8690 12288 192 41472 33216 960 26016 22368 34560 32160 26304 2688 5952 10560 11136 174 37584 30102 870 23577 20271 31320 29145 23838 2436 5394 9570 1920 30 6480 5190 150 4065 3495 5400 5025 4110 420 930 1650 53504 836 180576 144628 4180 113278 97394 150480 140030 114532 11704 25916 45980 11392 178 38448 30794 890 24119 20737 32040 29815 24386 2492 5518 9790 34304 536 115776 92728 2680 72628 62444 96480 89780 73432 7504 16616 29480 21888 342 73872 59166 1710 46341 39843 61560 57285 46854 4788 10602 18810 330 273 230 201 319 79 96 87 15 418 89 268 171 128 2 432 346 10 271 233 360 335 274 28 62 110 184403 107272 16881 168568 79998
200
0 1 1 0 0 0 0 0 0 0 0 0 0 0 0 0 0 1 1 0 1 0 1 1 1 1 1 1 1 0 0 0 0 0 1 0 0 0 1 0 1 0 0 0 0 0 1 1 0 0 1 1 1 1 1 1 0 1 0 0 1 0 1 0 0 1 1 0 1 0 1 0 1 1 0 0 0 1 0 0 0 0 0 1 1 1 0 0 0 1 0 1 0 1 1 1 1 1 0 1 1 0 0 0 1 1 1 0 0 0 0 1 0 1 0 0 1 0 1 0 0 0 0 1 1 1 1 1 1 1 0 0 1 0 1 1 0 0 1 1 1 0 0 0 1 0 1 1 0 1 0 0 0 1 1 0 1 1 0 1 0 1 1 1 1 0 0 1 1 1 1 1 0 0 1 1 1 1 0 1 1 0 1 0 1 0 1 0 0 1 1 1 0 0 0 0 0 0 0 0
200
200000 200000 200000 200000 200000 200000 200000 200000 200000 200000 200000 200000 200000 200000 200000 200000 200000 200000 200000 200000 200000 200000 200000 200000 200000 200000 200000 200000 200000 200000 200000 200000 200000 200000 200000 200000 200000 200000 200000 200000 200000 200000 200000 200000 200000 200000 200000 200000 200000 200000 200000 200000 200000 200000 200000 200000 200000 200000 200000 200000 200000 200000 200000 200000 200000 200000 200000 200000 200000 200000 200000 200000 200000 200000 200000 200000 200000 200000 200000 200000 200000 200000 200000 200000 200000 200000 200000 200000 200000 200000 200000 200000 200000 200000 200000 200000 200000 200000 200000 200000 200000 200000 200000 200000 200000 200000 200000 200000 200000 200000 200000 200000 200000 200000 200000 200000 200000 200000 200000 200000 200000 200000 200000 200000 200000 200000 200000 200000 200000 200000 200000 200000 200000 200000 200000 200000 200000 200000 200000 200000 200000 200000 200000 200000 200000 200000 200000 200000 200000 200000 200000 200000 200000 200000 200000 200000 200000 200000 200000 200000 200000 200000 200000 200000 200000 200000 200000 200000 200000 200000 200000 200000 200000 200000 200000 200000 200000 200000 200000 200000 200000 200000 200000 200000 200000 200000 200000 200000 200000 200000 200000 200000 200000 200000 200000 200000 200000 200000 200000 200000
200
189526 111552 24853 128739 77926 26359 4327 150863 31384 5497 173722 170558 104492 128729 60412 172633 85709 70396 187964 136775 153000 38324 101404 41644 79683 120559 153374 34504 2543 133540 76627 167799 138935 190494 156557 124240 79585 169181 13312 145804 177437 166845 163410 1647 166670 150900 135424 86228 52449 90998 73105 39928 37218 154603 16309 86477 95118 97728 159840 98542 104462 146044 60419 61353 137061 158528 170657 36057 13831 3641 146326 114415 43868 166334 198547 199844 73794 117963 75106 32390 20458 148636 149631 13065 85034 112076 27713 99818 169761 71046 63048 89946 43226 166941 51909 46331 101952 38231 81531 129293 41441 88761 145502 117451 32143 168964 186810 189091 132889 171063 146219 185649 170023 57852 6547 69065 23443 65016 118648 12298 37680 180856 51675 116832 178835 182822 9726 27195 93021 17557 184958 161837 101629 137366 65957 24893 147999 31068 114933 48139 139174 21450 55272 68678 114796 135570 115765 61339 69323 114209 193950 56997 137585 41004 14800 178972 173187 15549 184131 199988 52116 126221 191773 47856 73183 199005 173221 130071 17761 52523 27901 5826 60044 27410 190840 112025 149656 175127 52411 184884 1962 19576 17676 158497 18220 14236 156735 70518 120200 3219 142657 58887 20266 87940 145616 35786 44315 35615 15440 16326
200
150109 86263 16720 114029 27066 15160 22782 92990 87318 80718 13648 189850 151142 173801 17642 184792 111601 165067 108424 128273 44941 14526 158379 13056 9122 8912 83775 84778 96432 114564 49397 154813 4015 150957 153114 122510 19462 104377 140520 98399 120575 12727 31863 14215 152964 150438 70974 108285 76172 51589 111242 107440 137809 168302 181803 74422 53539 116067 78399 145268 140681 175919 158504 18852 105175 166829 134160 138785 23417 179445 136152 119387 88049 198798 181974 35192 180619 92345 154204 146160 133622 178550 10388 195317 40316 11550 128147 77175 85792 146009 59788 194005 43413 44831 130657 66600 11083 190764 34803 132876 106974 199899 192635 195869 111965 57621 97596 53589 164855 18656 140758 99795 179947 137 185501 133830 85430 92389 65221 165911 87570 190572 110564 55640 181399 155207 114943 116657 190620 147517 63780 92706 123953 176548 164299 124267 47192 144283 5133 13052 139716 22818 42371 163037 93743 199199 174802 134169 81258 172055 49805 162194 12852 118025 12158 163222 54308 152785 44352 68870 167207 182677 45256 76342 99727 98579 38328 77724 160447 62402 183593 28589 94384 87461 158966 13371 102758 20502 159084 182182 50694 104050 12346 38446 106815 10569 29131 49495 90275 23173 71325 133320 162171 90265 109630 159916 156670 45214 39445 42962
200
33768 74242 33416 129895 196069 72534 197085 139680 38698 101244 16261 116956 65249 173031 40605 145450 144453 182548 175363 103151 177778 103792 183491 149217 15291 199233 86767 102639 140767 156644 26357 174586 28928 36353 61501 133437 142629 98876 135189 67833 67366 33440 113476 140734 82458 158746 170630 94525 198821 53027 72339 44300 315 187510 25166 6677 81621 105978 38679 91766 75251 93289 117096 10460 128846 126002 192834 174354 159303 81260 154350 174428 119122 12597 65730 30418 79887 57386 15642 143602 9812 199191 84037 195635 40896 109877 28748 144363 61101 184409 126561 77930 65859 84990 45745 149161 101018 65545 75106 72823 101748 13147 52606 132557 45202 84495 63519 16327 159368 126109 154838 11425 23465 191357 67946 120783 53573 59675 128406 161342 54757 103661 20751 195914 44426 11297 193756 64787 75710 74974 174333 88910 147740 160855 196220 118190 56570 16767 138134 172654 33240 15225 11023 58440 35499 149008 175614 29623 53991 63965 147930 28842 136107 114666 75467 118364 54827 117476 56371 85443 72010 35656 115485 74076 15689 128346 80442 180634 28300 167452 90499 116163 193107 134077 56149 147818 42376 50078 139188 126810 122193 183524 194377 44085 8303 91469 110164 42141 81658 137165 7217 75073 153445 55929 123334 190508 90566 32990 15193 121590
200
35112 23560 7144 21128 66424 912 27816 25992 64296 39976 43472 49434 33170 10058 29746 93518 1284 39162 36594 90522 56282 61204 54978 36890 11186 33082 104006 1428 43554 40698 100674 62594 68068 35805 24025 7285 21545 67735 930 28365 26505 65565 40765 44330 86625 58125 17625 52125 163875 2250 68625 64125 158625 98625 107250 10164 6820 2068 6116 19228 264 8052 7524 18612 11572 12584 30492 20460 6204 18348 57684 792 24156 22572 55836 34716 37752 68376 45880 13912 41144 129352 1776 54168 50616 125208 77848 84656 21714 14570 4418 13066 41078 564 17202 16074 39762 24722 26884 55440 37200 11280 33360 104880 1440 43920 41040 101520 63120 68640 66528 44640 13536 40032 125856 1728 52704 49248 121824 75744 82368 152 214 238 155 375 44 132 296 94 240 288 231 155 47 139 437 6 183 171 423 263 286 13168 168407 170406 22251 2826 194812 23647 41646 91191 107064 164943 84614 102184 119732 43620 40626 87598 6545 143135 121058 108958 141784 12625 137342 32589 52485 126852 94902 97928 73232 40577 104640 48043 133120 46717 42986 65163 66689 15349 187959 32751 89423 147916 149626 49012 41670 107375 197247 23820 199385 194176 122264 142420 62139 181553 54821 17243
200
27229 55950 47371 137637 163374 21634 95115 13801 93250 23872 5329 10950 9271 26937 31974 4234 18615 2701 18250 4672 11972 24600 20828 60516 71832 9512 41820 6068 41000 10496 2920 6000 5080 14760 17520 2320 10200 1480 10000 2560 5329 10950 9271 26937 31974 4234 18615 2701 18250 4672 6862 14100 11938 34686 41172 5452 23970 3478 23500 6016 7738 15900 13462 39114 46428 6148 27030 3922 26500 6784 7738 15900 13462 39114 46428 6148 27030 3922 26500 6784 3650 7500 6350 18450 21900 2900 12750 1850 12500 3200 27740 57000 48260 140220 166440 22040 96900 14060 95000 24320 373 73 164 40 73 94 106 106 50 380 73 150 127 369 438 58 255 37 250 64 50203 24871 65025 21917 3658 10284 26662 95502 12134 160681 97509 188431 174216 96747 37803 149982 34100 32188 167693 30206 59614 76079 31082 61879 72722 161939 112142 82416 114552 37619 168789 26663 39645 47875 192246 122474 183662 67327 24103 32873 195222 43732 138991 111259 66782 56986 112823 71945 94191 4939 67632 175725 131467 183885 134301 56710 66842 147555 52855 185902 163735 155896 88791 8661 100493 134521 154725 186958 79901 80900 65262 50334 185614 84582 145085 77901 107015 157087 19301 46118
200
0 0 0 0 0 0 0 0 0 0 0 0 0 0 0 0 0 0 0 0 0 0 0 0 0 0 0 0 0 0 0 0 0 0 0 0 0 0 0 0 0 0 0 0 0 0 0 0 0 0 0 0 0 0 0 0 0 0 0 0 0 0 0 0 0 0 0 0 0 0 0 0 0 0 0 0 0 0 0 0 0 0 0 0 0 0 0 0 0 0 0 0 0 0 0 0 0 0 0 0 0 0 0 0 0 0 0 0 0 0 0 0 0 0 0 0 0 0 0 0 0 0 0 0 0 0 0 0 0 0 0 0 0 0 0 0 0 0 0 0 0 0 0 0 0 0 0 0 0 0 0 0 0 0 0 0 0 0 0 0 0 0 0 0 0 0 0 0 0 0 0 0 0 0 0 0 0 0 0 0 0 0 0 0 0 0 0 0 0 0 0 0 0 0 0 0 0 0 0 0
200
125696 147675 118534 24659 143165 33402 25480 176605 4705 186449 80617 182256 120408 44540 175767 143097 190526 84987 154609 179149 48870 68355 107002 189930 106708 24400 148036 75290 83301 194484 155304 49879 199256 183527 128963 12992 130094 30551 85013 198996 140530 122715 100739 119364 31885 144828 848 3520 23532 144611 117566 130309 192425 65747 171131 94611 171610 37739 199477 143956 156217 134368 150406 141011 37943 147537 62354 2475 21318 143808 60315 174388 82526 114702 106154 2191 880 143709 156132 91610 112613 128329 112916 25286 145657 153589 117062 91734 159064 166685 16779 108044 154642 4853 113113 37063 67510 197751 172471 43880 164389 32070 172721 69345 137300 196887 198354 140113 183950 104607 39991 143600 7247 178942 64998 18300 35157 159990 16135 38934 58783 58163 158158 170380 135845 116087 19738 55822 83673 42150 124512 161468 3844 47486 133667 104763 84682 53128 168961 115864 7015 37383 169950 48415 197137 76353 109779 173369 939 72552 161104 191897 119428 179763 45592 129317 164205 168698 197538 60341 48271 197414 105877 100355 197786 17320 191730 167460 72831 63146 168579 80846 72975 153637 83396 4520 143900 105358 39749 1710 51005 62384 193049 158887 72571 30064 178458 135736 12907 1850 107604 27181 189733 27124 8608 27402 14680 7554 189443 46824
200
23400 15660 17550 17370 32580 36720 12420 39600 52000 34800 39000 38600 72400 81600 27600 88000 72020 48198 54015 53461 100274 113016 38226 121880 109200 73080 81900 81060 152040 171360 57960 184800 16380 10962 12285 12159 22806 25704 8694 27720 102960 68904 77220 76428 143352 161568 54648 174240 66300 44370 49725 49215 92310 104040 35190 112200 95160 63684 71370 70638 132492 149328 50508 161040 90 200 277 420 63 396 255 366 260 174 195 193 362 408 138 440 65267 89731 189791 50970 23005 125182 163697 148347 43613 198442 39355 2120 100291 111363 147436 19052 185033 82083 54297 95548 114274 194390 83324 82113 15309 3077 114405 156856 76633 103788 178702 176689 7938 126452 123902 64292 120020 9594 10359 146540 58241 72728 163291 78355 9669 195970 172713 9358 56303 160759 15172 125504 57911 132325 81083 3999 56742 779 176769 47734 94218 117937 29875 117461 184338 85342 48571 934 146577 173862 195035 23082 193250 157743 127211 78814 196735 190495 32974 137995 178668 3665 66899 150798 165737 94242 43231 13615 80748 143766 143546 79456 135333 33630 77608 37341 94608 111374 16218 41623 81356 94856 18336 24182 39151 51243 133438 6250 126465 47792 26552 50062 168654 4308 121909 173415 41286 104586 36314 96880
200
62952 56502 13932 104232 14190 114810 70176 35604 65532 76110 56244 17286 7076 6351 1566 11716 1595 12905 7888 4002 7366 8555 6322 1943 19764 17739 4374 32724 4455 36045 22032 11178 20574 23895 17658 5427 35624 31974 7884 58984 8030 64970 39712 20148 37084 43070 31828 9782 11224 10074 2484 18584 2530 20470 12512 6348 11684 13570 10028 3082 80764 72489 17874 133724 18205 147295 90032 45678 84074 97645 72158 22177 69296 62196 15336 114736 15620 126380 77248 39192 72136 83780 61912 19028 33672 30222 7452 55752 7590 61410 37536 19044 35052 40710 30084 9246 48800 43800 10800 80800 11000 89000 54400 27600 50800 59000 43600 13400 61244 54969 13554 101404 13805 111695 68272 34638 63754 74045 54718 16817 11224 10074 2484 18584 2530 20470 12512 6348 11684 13570 10028 3082 72712 65262 16092 120392 16390 132610 81056 41124 75692 87910 64964 19966 258 29 81 146 46 331 284 138 200 251 46 298 244 219 54 404 55 445 272 138 254 295 218 67 71051 40636 187735 160237 142945 198606 159232 108531 117588 114842 89937 67201 140862 113907 69028 15377 20212 53316 105669 140127 69932 133212 45183 162545 173886 70841 35519 191027 104638 196000 50146 85938
200
131073 65537 131073 65537 131073 131073 65537 131073 65537 65537 65537 65537 65537 131073 65537 131073 131073 65537 65537 65537 131073 131073 131073 65537 131073 65537 131073 65537 65537 131073 131073 131073 65537 131073 131073 65537 65537 65537 65537 65537 131073 131073 65537 65537 65537 65537 65537 65537 65537 131073 131073 131073 65537 131073 65537 131073 131073 65537 131073 131073 65537 65537 65537 131073 65537 131073 131073 65537 65537 131073 65537 131073 65537 65537 131073 131073 65537 131073 131073 65537 65537 131073 131073 131073 131073 65537 65537 131073 65537 65537 131073 65537 131073 65537 131073 131073 65537 131073 65537 131073 131073 131073 65537 131073 65537 131073 131073 131073 131073 131073 131073 131073 65537 131073 65537 65537 65537 65537 131073 65537 65537 131073 131073 131073 65537 131073 131073 65537 65537 131073 131073 131073 131073 65537 131073 131073 131073 131073 65537 65537 131073 131073 131073 65537 131073 65537 131073 65537 131073 131073 131073 65537 131073 65537 65537 131073 65537 131073 131073 65537 131073 131073 131073 65537 65537 131073 131073 131073 65537 65537 65537 65537 65537 65537 65537 131073 131073 131073 65537 131073 131073 131073 65537 65537 65537 131073 131073 65537 131073 131073 65537 65537 65537 65537 131073 65537 131073 65537 65537 131073
3
65537 65537 131073
200
32300 114750 84150 100725 83725 117725 132600 5100 33592 119340 87516 104754 87074 122434 137904 5304 25384 90180 66132 79158 65798 92518 104208 4008 1444 5130 3762 4503 3743 5263 5928 228 30096 106920 78408 93852 78012 109692 123552 4752 16112 57240 41976 50244 41764 58724 66144 2544 3268 11610 8514 10191 8471 11911 13416 516 32072 113940 83556 100014 83134 116894 131664 5064 425 442 334 19 396 212 43 422 76 270 198 237 197 277 312 12 23037 165156 179404 136218 180398 132574 142882 142115 59245 157551 196300 143506 173043 90065 117227 183734 109198 90161 127785 109734 102850 41423 55160 176955 168548 24728 63076 183545 105160 101893 1628 162274 155621 6742 160422 125232 133290 39998 175297 191719 181651 91991 122097 39598 79542 167419 81582 182042 118018 152524 37216 179467 43819 155350 75946 87182 308 17493 84278 42462 133667 123649 54036 27222 168454 59793 897 133968 169318 127875 162410 96173 120881 150968 173740 186732 66481 57983 139575 44309 133487 98590 62448 6338 76964 121415 163848 29440 197805 152568 6365 143318 116205 6228 48928 78486 96564 53519 2959 175914 106063 138969 71570 156546 193580 149269 159161 126591 110719 191688 96498 143577 104606 140992 113586 195524 11918 188223 84270 157163
200
66788 34692 12036 77408 27376 58292 19352 7552 73160 20060 66552 75284 88013 45717 15861 102008 36076 76817 25502 9952 96410 26435 87702 99209 14150 7350 2550 16400 5800 12350 4100 1600 15500 4250 14100 15950 42450 22050 7650 49200 17400 37050 12300 4800 46500 12750 42300 47850 107540 55860 19380 124640 44080 93860 31160 12160 117800 32300 107160 121220 97635 50715 17595 113160 40020 85215 28290 11040 106950 29325 97290 110055 92541 48069 16677 107256 37932 80769 26814 10464 101370 27795 92214 104313 90277 46893 16269 104632 37004 78793 26158 10208 98890 27115 89958 101761 80372 41748 14484 93152 32944 70148 23288 9088 88040 24140 80088 90596 112634 58506 20298 130544 46168 98306 32636 12736 123380 33830 112236 126962 14999 7791 2703 17384 6148 13091 4346 1696 16430 4505 14946 16907 107823 56007 19431 124968 44196 94107 31242 12192 118110 32385 107442 121539 236 311 50 150 380 345 327 319 284 398 53 381 283 147 51 328 116 247 82 32 310 85 282 319 68413 24631 103259 109805 135313 188136 97119 647 58906 141932 157854 87982 66261 34815 172827 46495 179694 114412 6632 182424 194935 55800 189204 179048 3925 195921 83662 60143 73932 103588 97394 105213
200
130843 6941 180464 137189 117530 113907 163813 78574 26379 44435 199394 91007 147510 66126 90467 47312 122331 135433 90543 149668 95291 196873 158446 57547 54635 159324 54760 21989 24542 195951 40313 80903 105769 61878 90882 134200 153522 103849 127121 129506 39612 183363 75548 53819 134366 30938 65499 90647 123916 31903 176734 66266 18403 39978 176389 39238 53320 59075 189138 196743 128082 89809 160387 65937 120554 11978 177486 13958 659 162671 29996 159951 80061 61270 185069 56099 135962 95354 60245 7881 4568 50548 40657 82930 116512 118028 89064 85687 192234 184391 57874 68243 100312 149473 86209 180875 47153 144235 148855 140923 151538 80077 158436 42407 137293 2169 170669 153288 110249 160520 159173 28488 59564 140406 160476 2792 181296 126016 165330 87824 58842 100071 165279 185922 34316 101817 60760 125826 106110 120685 191965 122614 39498 83890 2387 187784 140717 11855 165456 78572 125296 148287 11543 136265 181738 49072 184657 171592 32677 75104 138476 189996 169495 6214 103654 71353 124422 156054 124458 98061 142265 33494 1880 39406 121677 117668 24527 32318 12863 153840 28255 156998 28643 179601 29343 61769 196147 38726 23613 133950 79188 170213 109954 173507 79829 104678 193984 69449 95937 162017 161226 55436 78712 110159 125086 47662 146818 190474 146970 101363
200
94150 53162 100896 162800 64015 92955 142245 183174 132669 160761 131024 60462 170215 49665 77125 178756 122190 177905 22238 172181 180905 97214 189816 161603 149925 10742 175197 111279 21022 164538 106199 40540 53250 184681 78336 81967 55556 114328 149384 143503 161783 191236 92593 48212 155943 45620 95999 120971 163779 2486 187153 121205 147728 164915 53938 183582 54164 17385 99490 183216 168362 77549 178770 168905 45184 3674 181012 104657 92260 170624 25207 155775 186886 24204 88405 50098 87797 68366 100583 60543 75496 164907 37842 37151 133411 131767 35338 46170 16008 13262 188040 69662 98729 39244 11822 187273 113294 36178 139641 101129 123389 106981 7818 76830 30918 36294 108552 89804 114089 177545 157257 111091 190012 104008 49594 31308 155397 4587 173116 178487 132163 105655 195128 9231 120657 181458 94628 77552 175908 158073 87909 29173 180840 33239 145813 158897 173031 173048 58207 48096 105129 140283 121710 103501 93430 188997 123984 1269 145894 174479 164895 162485 64171 150565 14550 125747 67933 197917 151952 36224 18166 76413 52608 38440 30880 107337 87190 154561 64069 157001 151981 160216 134511 141618 133158 144590 18344 76043 122186 98449 124571 52261 115905 185281 198171 91262 146137 168503 84535 65299 35034 6166 12458 109477 38373 177440 66146 55802 21292 18645
200
0 0 0 0 0 0 0 0 0 0 0 0 0 0 0 0 0 0 0 0 0 0 0 0 0 0 0 0 0 0 0 0 0 0 0 0 0 0 0 0 0 0 0 0 0 0 0 0 0 0 0 0 0 0 0 0 0 0 0 0 0 0 0 0 0 0 0 0 0 0 0 0 0 0 0 0 0 0 0 0 0 0 0 0 0 0 0 0 0 0 0 0 0 0 0 0 0 0 0 0 123963 153985 138128 105527 186217 69781 130379 32319 107796 63838 136083 162457 106187 117970 93827 127739 153830 142072 20839 99920 91951 18640 153890 186232 164543 2706 27821 185678 71744 2189 46456 176440 58405 189080 113109 87557 181446 138431 174353 165926 153676 190096 98467 53073 162302 154941 70086 188816 1728 131155 70376 69370 113570 10627 168606 34281 180413 25051 58855 165592 122445 171169 26419 101035 68976 21204 55715 155994 113921 1128 57644 104418 65537 162063 65023 34410 27271 67362 72808 16870 148993 148105 187571 119853 197973 147702 17798 56548 166254 175027 136253 83332 13696 111942 102968 76578 116761 16630 37018 111673
200
72246 74429 3965 84230 120341 191083 14814 54846 32065 29969 169328 191916 173207 62075 79052 72336 108847 8328 185190 94168 49176 172502 52983 72697 179590 198988 159516 158513 29983 3299 165302 166574 31402 119709 160910 23361 109341 148842 107434 36892 75691 125427 105827 172482 140335 5329 9259 130580 55290 96314 62617 195213 138603 139892 29515 136094 120674 106858 182894 179914 84979 71169 134027 109185 91228 151045 13511 111761 8599 65208 265 47860 6878 70418 149057 15320 87482 132795 56593 62847 154393 69856 130913 149781 38553 188637 176949 148814 137273 41927 33120 153728 179710 86229 127685 97187 27264 120386 176565 17141 66307 171835 140588 118463 85657 178902 21918 154228 156041 84994 10967 145186 6580 198092 64546 76224 1799 178123 10864 21832 129514 47261 116439 154722 138501 32258 53104 168144 14763 98395 185897 44564 16989 104587 20057 55210 197555 27005 138170 79599 166287 71041 93472 168517 45541 97988 4270 184448 118809 27709 141741 55302 18978 15949 33124 176848 195798 121653 163913 114423 7997 7403 87752 153084 95330 10812 190808 76796 143805 21057 33988 49094 65324 134844 120827 21619 169205 149883 105776 97505 37242 189632 90623 2347 196510 168463 143281 157149 42755 22599 31793 188447 120761 97495 57296 97972 162084 153466 56947 24437
200
37465 5080 54229 26289 8255 20828 34798 5207 73750 10000 106750 51750 16250 41000 68500 10250 2065 280 2989 1449 455 1148 1918 287 125670 17040 181902 88182 27690 69864 116724 17466 61360 8320 88816 43056 13520 34112 56992 8528 64310 8720 93086 45126 14170 35752 59732 8938 71390 9680 103334 50094 15730 39688 66308 9922 11210 1520 16226 7866 2470 6232 10412 1558 127 250 7 426 208 218 242 38 295 40 427 207 65 164 274 41 110352 183297 70352 193290 107691 49397 157801 9654 126433 37960 64856 37125 121503 163621 127268 176515 58564 168779 42687 121304 53396 27970 94254 175581 139438 179932 770 5263 169689 84098 191721 12418 101518 135021 191678 113319 39599 65078 69904 192996 195178 58473 125734 22377 132468 187933 104333 16616 22198 20845 72403 183177 61836 10225 64441 137044 77659 69693 155927 31831 88369 192245 20191 145014 67887 51087 181584 109574 68338 92037 106725 28874 37789 55781 140700 12814 164746 164284 62963 2773 168563 88155 61034 86720 5103 14241 53964 73006 150678 177983 159550 157170 47084 131535 79673 193485 21596 191164 130867 165595 117086 9170 4250 160752 198033 160301 14840 194821 187685 151596 42523 151640 34747 174497 130240 153013 190202 17441 126407 158225
200
0 0 1 0 1 1 1 0 1 1 0 1 1 0 1 0 0 1 1 0 0 1 0 1 1 1 0 0 0 0 1 0 0 1 1 0 0 1 0 0 1 0 0 0 1 1 0 1 1 0 0 0 1 1 0 1 0 0 0 1 1 1 1 1 0 0 1 0 0 0 0 1 1 1 0 1 0 1 0 1 0 0 1 1 0 0 0 1 0 1 0 1 0 1 0 0 0 0 0 1 0 0 0 0 1 0 0 0 1 1 0 0 0 1 0 1 0 0 0 1 0 0 0 0 0 0 1 1 1 1 0 0 1 1 0 1 1 0 1 0 1 0 1 1 0 0 1 1 0 0 1 0 1 1 0 0 1 0 1 0 1 0 0 0 1 0 0 0 1 0 1 1 0 1 1 1 0 0 0 1 0 1 1 1 0 1 0 0 1 1 1 0 1 1 0 0 1 1 1 0
200
57899 112776 153269 151793 151180 198277 191235 152131 100341 85485 129993 12679 10199 188731 42924 136419 10650 160170 122392 46462 184783 102727 146410 153517 9995 112828 71768 138099 45224 173287 63257 194877 194500 185793 39681 67676 162836 195492 22109 199622 98558 7384 139972 71435 18967 100550 179365 77923 176824 32778 147543 64164 122302 186643 194312 6706 52477 99896 152838 136131 12526 195882 85120 116475 50999 4193 179977 164299 144069 61156 90803 32606 31907 16084 182829 96861 73603 142741 55015 112790 120473 151290 186767 181408 103169 130954 112824 129288 105428 124076 190557 36984 72006 54028 176234 136529 154317 157053 176810 104330 195370 144516 167849 190614 196598 4288 101662 193418 131290 163171 69576 189953 61560 15567 121089 43967 78170 160032 90129 178171 64287 155691 67149 89734 48081 4019 10799 182721 12087 29177 72377 8765 46304 172765 159126 73793 102884 54854 43411 31195 74775 1521 137361 85550 48652 10515 131055 44832 89804 86123 176824 179342 8195 155354 193826 102127 166320 159326 4400 54764 57491 51340 158252 11859 14008 93865 19917 135209 180298 149276 163034 70508 4109 39985 41746 195912 93497 33948 85813 53944 25356 1786 161400 89181 157219 129251 161168 48099 143675 68068 90326 79012 174325 36453 176419 173825 149708 25195 93336 88091
200
1 1 1 1 1 1 1 1 1 1 1 1 1 1 1 1 1 1 1 1 1 1 1 1 1 1 1 1 1 1 1 1 1 1 1 1 1 1 1 1 1 1 1 1 1 1 1 1 1 1 1 1 1 1 1 1 1 1 1 1 1 1 1 1 1 1 1 1 1 1 1 1 1 1 1 1 1 1 1 1 1 1 1 1 1 1 1 1 1 1 1 1 1 1 1 1 1 1 1 1 1 1 1 1 1 1 1 1 1 1 1 1 1 1 1 1 1 1 1 1 1 1 1 1 1 1 1 1 1 1 1 1 1 1 1 1 1 1 1 1 1 1 1 1 1 1 1 1 1 1 1 1 1 1 1 1 1 1 1 1 1 1 1 1 1 1 1 1 1 1 1 1 1 1 1 1 1 1 1 1 1 1 1 1 1 1 1 1 1 1 1 1 1 1 1 1 1 1 1 1
