30
6
5 2 4 6 3 1
6
2 4 8 16 32 64
3
1 1 1
3
200000 200000 200000
200
82335 86858 95458 32294 175841 36296 189885 164354 151853 9415 199365 133032 152085 177632 61857 68217 87004 188840 172704 81475 73265 39104 11834 167641 71911 177712 26120 198560 66259 13865 159653 33021 23891 122269 169269 171907 69509 44103 77410 159252 26820 137921 68841 91404 167092 64577 199965 18859 95351 37521 12116 84887 158197 153492 142598 23129 53253 199974 83750 16689 27563 36860 170453 82112 57612 195396 205 195569 13707 71105 153552 10291 167904 36659 158152 109687 11066 128773 159899 178925 39161 125112 130319 82538 195814 53947 168871 108750 135098 61588 67710 124720 18674 98820 28840 196759 98604 83551 152416 49138 141224 62007 175000 116082 87090 25475 161056 101953 185503 189116 118571 121448 71275 182657 101971 191606 14210 123048 177975 69399 51475 33973 95297 179403 162721 50130 135199 37362 9524 81520 99915 101026 122628 106374 98084 49820 53456 138162 20886 88679 131194 120567 529 110816 115480 25077 43590 51482 124401 62680 58904 163596 70644 33531 54792 60969 5987 18399 36657 39649 29967 126594 9266 4452 23829 55412 123819 114306 7033 98466 133105 153353 177168 55872 38140 78583 129326 46196 24313 100611 44693 89583 93008 81038 9704 61109 32738 26759 136133 186946 186023 167757 157934 88687 55701 101962 158477 93967 80130 128103
200
95154 64981 126182 149730 71822 126523 5036 30093 95119 77003 198498 70010 18236 63277 71796 150691 42201 187160 148099 1823 160715 32866 165812 16829 122300 122050 1206 89523 175518 196927 99586 18072 102765 185614 53051 173014 37064 44268 183208 477 121802 103106 58186 92614 119722 76614 186675 63959 100541 9983 8791 85762 24854 2291 33043 16066 131508 127019 17412 92648 75889 178401 193051 115462 35302 64064 59558 138113 144936 10402 177361 46823 95871 20023 57567 189613 54810 631 104860 76583 80874 146679 66177 153194 59691 46766 118498 134614 84006 27832 9923 53501 136059 131416 31068 168582 101634 35402 127548 93893 176530 7857 192374 196487 127959 84285 134096 39913 87243 182020 86693 22812 123110 146941 103863 139476 28412 79587 60450 152745 153184 183881 33674 4072 130097 117946 99079 51706 78808 146707 147593 89576 193825 52796 135169 59118 196727 43377 177289 20681 22887 135227 37174 90756 67369 142662 102180 103984 196115 90683 57268 117194 141951 198523 66492 111135 55054 32271 63579 120640 66746 12488 68975 116486 182736 137320 171718 196047 185056 167226 13299 84736 31662 83562 78424 76713 41420 192705 145565 131572 10082 198443 15049 68090 132902 126698 128622 139186 143688 71732 71709 188864 162835 132014 12166 153871 157644 43681 32172 32691
200
0 0 0 1 0 0 1 1 0 0 0 0 0 1 1 0 1 0 1 0 1 1 1 1 1 0 1 0 0 1 1 1 1 0 1 1 0 0 0 1 1 1 1 1 0 0 0 0 0 1 0 1 0 1 0 0 0 1 0 0 1 0 0 0 1 1 1 1 1 0 0 1 1 1 1 0 0 0 1 1 0 1 0 1 1 0 1 1 0 1 1 0 0 1 0 0 1 0 0 0 1 0 1 0 0 1 0 0 1 1 1 1 0 1 1 1 0 1 0 0 1 0 1 0 1 1 1 1 1 1 1 0 0 1 1 1 0 0 0 1 0 0 0 1 1 0 1 0 1 1 0 1 0 0 1 1 0 1 0 1 1 0 1 0 1 0 1 1 0 1 0 1 0 0 1 1 0 0 1 0 1 0 0 0 0 1 1 0 0 0 0 1 1 1 1 1 0 0 0 1
200
12069 48872 32929 29353 42018 62878 27118 36952 32482 5751 23288 15691 13987 20022 29962 12922 17608 15478 26082 105616 71162 63434 90804 135884 58604 79856 70196 16605 67240 45305 40385 57810 86510 37310 50840 44690 81 328 221 197 282 422 182 248 218 20898 84624 57018 50826 72756 108876 46956 63984 56244 17982 72816 49062 43734 62604 93684 40404 55056 48396 23490 95120 64090 57130 81780 122380 52780 71920 63220 13608 55104 37128 33096 47376 70896 30576 41664 36624 149 71 322 205 1 258 222 290 168 81 328 221 197 282 422 182 248 218 88078 57133 78335 17954 199147 129186 147976 52904 38551 47665 13604 105551 130114 18143 178578 181882 67263 33780 398 34520 78013 122141 17586 44955 34676 173039 52088 138334 39931 9596 63658 38321 130965 88517 192598 4290 186386 134505 198271 184528 47240 112513 40858 36065 94275 107947 31145 116208 194287 109141 116360 19829 126028 112421 110108 46113 98490 8966 98257 130409 26960 172521 149715 65096 42427 191449 38042 111802 83093 165326 3111 40386 136459 23505 173650 76391 64100 38778 178132 93288 132702 28695 51192 187858 131266 73139 187210 197079 79261 176107 89540 16794 159332 147284 164726 31849 197935 132570 137328 45435 148359
200
131073 65537 65537 65537 65537 65537 65537 65537 131073 131073 65537 65537 65537 131073 131073 65537 65537 65537 65537 131073 65537 65537 131073 65537 131073 65537 65537 65537 65537 65537 65537 65537 65537 131073 131073 65537 65537 65537 65537 131073 131073 65537 131073 131073 65537 65537 131073 65537 131073 65537 131073 131073 65537 131073 65537 131073 131073 65537 131073 65537 131073 65537 131073 65537 131073 131073 65537 65537 131073 65537 131073 131073 65537 65537 65537 65537 65537 131073 65537 65537 65537 65537 65537 65537 65537 131073 131073 131073 131073 131073 131073 65537 65537 65537 65537 131073 131073 131073 65537 65537 131073 131073 65537 131073 131073 65537 65537 65537 65537 131073 65537 65537 131073 65537 131073 131073 65537 65537 131073 131073 131073 131073 131073 131073 131073 65537 131073 131073 131073 65537 131073 131073 65537 65537 131073 131073 131073 131073 131073 131073 65537 65537 65537 65537 65537 65537 131073 65537 131073 131073 65537 131073 131073 65537 65537 65537 131073 131073 131073 65537 131073 65537 131073 131073 65537 65537 131073 65537 65537 65537 65537 65537 65537 131073 131073 131073 131073 65537 131073 131073 131073 65537 65537 131073 131073 131073 131073 131073 131073 131073 65537 65537 65537 131073 131073 131073 131073 65537 131073 131073
200
57730 21390 4830 36340 4370 46690 46460 86480 95910 5980 34730 32660 3514 1302 294 2212 266 2842 2828 5264 5838 364 2114 1988 2761 1023 231 1738 209 2233 2222 4136 4587 286 1661 1562 56726 21018 4746 35708 4294 45878 45652 84976 94242 5876 34126 32092 46184 17112 3864 29072 3496 37352 37168 69184 76728 4784 27784 26128 37148 13764 3108 23384 2812 30044 29896 55648 61716 3848 22348 21016 108432 40176 9072 68256 8208 87696 87264 162432 180144 11232 65232 61344 81826 30318 6846 51508 6194 66178 65852 122576 135942 8476 49226 46292 76555 28365 6405 48190 5795 61915 61610 114680 127185 7930 46055 43310 93874 34782 7854 59092 7106 75922 75548 140624 155958 9724 56474 53108 79065 29295 6615 49770 5985 63945 63630 118440 131355 8190 47565 44730 54467 20181 4557 34286 4123 44051 43834 81592 90489 5642 32767 30814 230 14 11 226 184 148 432 326 305 374 315 217 251 93 21 158 19 203 202 376 417 26 151 142 36699 68686 94804 110373 102777 41152 26091 179100 87255 95013 47058 132445 172489 71875 143903 150154 86272 116796 50998 45766 47285 82283 99934 69142 152540 164625 128720 67334 194916 146078 175672 1446
200
1 1 1 1 1 1 1 1 1 1 1 1 1 1 1 1 1 1 1 1 1 1 1 1 1 1 1 1 1 1 1 1 1 1 1 1 1 1 1 1 1 1 1 1 1 1 1 1 1 1 1 1 1 1 1 1 1 1 1 1 1 1 1 1 1 1 1 1 1 1 1 1 1 1 1 1 1 1 1 1 1 1 1 1 1 1 1 1 1 1 1 1 1 1 1 1 1 1 1 1 1 1 1 1 1 1 1 1 1 1 1 1 1 1 1 1 1 1 1 1 1 1 1 1 1 1 1 1 1 1 1 1 1 1 1 1 1 1 1 1 1 1 1 1 1 1 1 1 1 1 1 1 1 1 1 1 1 1 1 1 1 1 1 1 1 1 1 1 1 1 1 1 1 1 1 1 1 1 1 1 1 1 1 1 1 1 1 1 1 1 1 1 1 1 1 1 1 1 1 1
200
1 0 0 0 0 1 1 0 0 1 0 0 1 0 0 1 1 0 0 0 1 1 0 0 1 1 0 0 1 1 1 0 0 0 1 1 1 1 0 0 0 0 0 0 1 1 0 1 1 0 0 1 0 0 1 0 1 0 1 0 1 0 0 1 0 1 1 1 1 0 1 0 0 1 1 0 1 0 0 0 1 1 0 0 0 0 0 1 0 0 0 0 1 1 1 1 0 1 0 1 1 0 0 0 0 1 0 1 0 0 0 0 1 0 1 0 1 1 0 0 0 0 0 1 0 0 1 0 1 0 1 0 1 1 1 0 0 1 1 0 0 1 0 1 0 0 1 1 0 0 0 0 0 1 0 0 0 0 1 1 1 1 1 0 1 1 0 1 1 0 1 0 1 1 0 0 0 0 0 1 0 1 1 1 1 0 1 0 1 1 1 1 0 0 1 1 0 0 0 1
200
175601 140053 153210 193480 57931 167232 42158 167857 179572 122677 169377 100137 49775 104721 164386 199641 136175 77194 111387 65781 181303 39979 28648 175098 36673 67176 29813 182391 31333 117007 92326 104408 77450 16164 36591 118202 161307 123862 22458 55580 118336 105267 195548 50045 97723 147471 54487 171684 76957 23302 157429 14863 98728 182887 189706 287 153688 119412 37804 26929 176727 116574 158032 3079 14493 173153 164474 95009 140021 169529 82286 170062 40016 170182 16004 12765 163576 123136 145735 80562 55598 112189 51351 185714 153281 95490 16804 138634 128205 126417 64664 40871 170607 95421 41748 61067 164961 193897 91811 29328 86326 120074 163881 11733 113523 193056 102603 145672 198369 29875 36551 147515 77711 128449 45106 178052 160358 4345 24827 112200 19380 1240 167078 192954 101560 45181 150968 29466 50678 54542 152877 172016 86645 65164 161777 103335 121316 146551 168668 143693 16904 79370 28164 181693 179591 137607 110425 121356 60091 26249 76794 36981 2003 162100 27918 133287 72495 131599 125693 18745 188459 123860 33465 130289 159231 192937 24479 115247 143657 98759 126563 174036 19642 3508 174429 188797 97534 46274 111464 24757 189698 98872 190592 34153 102694 23929 33677 184905 196774 111181 176201 59509 68275 159563 14322 85080 117792 86072 193421 66387
200
200000 200000 200000 200000 200000 200000 200000 200000 200000 200000 200000 200000 200000 200000 200000 200000 200000 200000 200000 200000 200000 200000 200000 200000 200000 200000 200000 200000 200000 200000 200000 200000 200000 200000 200000 200000 200000 200000 200000 200000 200000 200000 200000 200000 200000 200000 200000 200000 200000 200000 200000 200000 200000 200000 200000 200000 200000 200000 200000 200000 200000 200000 200000 200000 200000 200000 200000 200000 200000 200000 200000 200000 200000 200000 200000 200000 200000 200000 200000 200000 200000 200000 200000 200000 200000 200000 200000 200000 200000 200000 200000 200000 200000 200000 200000 200000 200000 200000 200000 200000 200000 200000 200000 200000 200000 200000 200000 200000 200000 200000 200000 200000 200000 200000 200000 200000 200000 200000 200000 200000 200000 200000 200000 200000 200000 200000 200000 200000 200000 200000 200000 200000 200000 200000 200000 200000 200000 200000 200000 200000 200000 200000 200000 200000 200000 200000 200000 200000 200000 200000 200000 200000 200000 200000 200000 200000 200000 200000 200000 200000 200000 200000 200000 200000 200000 200000 200000 200000 200000 200000 200000 200000 200000 200000 200000 200000 200000 200000 200000 200000 200000 200000 200000 200000 200000 200000 200000 200000 200000 200000 200000 200000 200000 200000 200000 200000 200000 200000 200000 200000
200
198417 25322 163013 37854 171593 109199 25788 154105 2907 110494 62992 33512 192784 159793 119966 55711 5947 69332 89135 127308 36727 71118 86974 25159 45740 111496 190828 157089 169546 71041 194959 122802 149400 92885 33055 126340 81046 11208 10195 172376 173814 156243 33628 67654 78696 59906 80803 25913 129038 198079 15479 24 147684 67921 180679 195748 176325 39654 53478 102088 147791 74064 168042 11596 11249 175849 194713 174408 104986 67544 116514 197966 71407 130505 81837 95278 99383 40503 43398 5979 152758 2479 105540 115178 7978 101998 35236 7860 171980 84645 76091 140566 143038 12646 183321 183708 175669 114959 190906 99401 135756 161558 152207 30219 166238 152019 116905 147801 60970 77849 103969 47745 44127 182353 176990 90928 93043 83952 12188 188124 15570 169286 3829 9924 27828 197088 193556 15138 91590 194734 56845 165250 58001 150642 72596 190641 88604 142333 167593 129403 42330 64464 51611 156801 56122 181261 183578 196074 29557 56807 77531 150775 6931 33863 143504 119892 182566 28279 198728 53266 24967 57403 154426 120554 97210 154292 98648 90444 11365 64306 188991 191946 130355 173234 139075 167332 67329 109601 105874 116268 78923 121713 110654 156123 179715 24593 182154 11802 63589 191853 81503 85851 24243 44949 59071 84190 49864 80989 193437 188746
200
14999 56600 26036 28866 82070 58581 105276 39337 83485 98484 121407 110936 82070 5671 21400 9844 10914 31030 22149 39804 14873 31565 37236 45903 41944 31030 5141 19400 8924 9894 28130 20079 36084 13483 28615 33756 41613 38024 28130 20511 77400 35604 39474 112230 80109 143964 53793 114165 134676 166023 151704 112230 5088 19200 8832 9792 27840 19872 35712 13344 28320 33408 41184 37632 27840 1749 6600 3036 3366 9570 6831 12276 4587 9735 11484 14157 12936 9570 16006 60400 27784 30804 87580 62514 112344 41978 89090 105096 129558 118384 87580 23214 87600 40296 44676 127020 90666 162936 60882 129210 152424 187902 171696 127020 14787 55800 25668 28458 80910 57753 103788 38781 82305 97092 119691 109368 80910 371 1400 644 714 2030 1449 2604 973 2065 2436 3003 2744 2030 13674 51600 23736 26316 74820 53406 95976 35862 76110 89784 110682 101136 74820 14151 53400 24564 27234 77430 55269 99324 37113 78765 92916 114543 104664 77430 14045 53000 24380 27030 76850 54855 98580 36835 78175 92220 113685 103880 76850 283 107 97 387 96 33 302 438 279 7 258 267 265 53 200 92 102 290 207 372 139 295 348 429 392 290 140392 57837 85565 145867 35295
200
50538 196474 17812 114594 51739 155921 136275 16455 49228 135203 41438 190614 86791 188557 102002 194240 29086 83711 66863 87533 182231 175887 186648 174153 33162 101921 6608 195310 140419 162759 87168 168703 130557 139041 133962 61712 102762 166654 139369 180222 94984 35249 187206 150899 88260 102733 46564 60849 36 170373 35130 107135 190572 79886 171521 141721 47173 114519 120408 190713 62858 127215 145004 132199 130509 85620 58326 75342 66098 26579 16300 181123 171010 102132 118662 15182 194100 66112 101724 44812 66232 55961 73091 85521 74088 173219 142644 4837 90561 28196 71613 185456 165621 196519 39152 52232 51286 100597 36888 24352 189978 74766 163883 7293 100356 62917 92720 46652 78065 24023 3764 75939 161108 129474 76663 32270 83766 78583 25622 39797 121746 145159 79068 123276 17084 63666 54579 109744 8193 180824 148426 149694 6986 23474 41047 42157 103581 5066 146273 112684 72924 15670 110011 3902 81204 119788 132782 145953 78274 61286 122940 188273 164864 39671 195809 99374 16601 186082 162274 102198 6849 128034 6043 74020 98320 138254 102564 172407 62382 98357 169087 46947 66503 158486 68788 107765 141032 144836 84716 181756 92149 159849 179239 13489 179949 67894 129802 43232 69936 139269 9213 125682 68717 135821 104585 44272 54267 9641 147380 69348
200
106691 162499 199531 152759 38147 81909 109056 46473 70767 146910 138429 33198 60450 143220 195359 8211 164273 95874 49478 58963 33920 186283 107892 80925 70452 123211 31099 96967 28394 109548 191924 118402 40259 34506 91047 158787 1274 11853 151913 167570 161771 100297 42177 9920 163514 9983 150961 76440 72406 150363 181394 20078 175251 177371 513 179885 196373 104122 63156 46478 198649 63282 84093 104190 180633 195818 10904 131246 98555 173315 182189 51884 16232 82648 76179 49282 128333 142955 188394 33167 108373 31441 172177 47927 75175 98177 123908 190540 82091 149129 161097 153763 28362 138639 89549 51528 199345 8243 75062 158922 76846 39540 180689 112442 90875 198021 85510 56323 181668 15521 560 84904 138211 162076 450 99961 164885 128783 76315 99595 79421 193637 87343 81951 188200 84193 9114 140794 42846 118807 31205 47770 86555 118902 36486 132695 148678 197395 191925 144214 84070 152864 195308 156137 38039 15360 158764 104812 85221 65686 133753 153678 1683 61924 154315 21938 17187 114037 24202 166923 152347 100904 96164 22584 184558 104161 23662 142432 147902 1864 197149 14482 21821 186893 79008 166969 56780 126195 185736 30966 182137 158114 145615 129870 47248 160146 13253 82609 137524 19722 40906 126266 40946 112403 109960 189503 92790 63432 119340 50952
200
55695 52170 40185 45120 52640 99640 70735 99640 24910 10665 9990 7695 8640 10080 19080 13545 19080 4770 84609 79254 61047 68544 79968 151368 107457 151368 37842 65886 61716 47538 53376 62272 117872 83678 117872 29468 237 222 171 192 224 424 301 424 106 22278 20868 16074 18048 21056 39856 28294 39856 9964 33891 31746 24453 27456 32032 60632 43043 60632 15158 74181 69486 53523 60096 70112 132712 94213 132712 33178 81528 76368 58824 66048 77056 145856 103544 145856 36464 235 45 357 278 1 94 143 313 344 237 222 171 192 224 424 301 424 106 70710 130882 37878 115317 74449 24187 38299 164745 71545 84593 165367 141084 173479 27901 181779 156781 157799 105435 73034 79137 79838 37465 153449 7498 7706 194127 188414 3070 31511 146442 9719 89063 98498 136298 113882 67097 65805 192602 147487 84915 40413 48411 12162 106839 189561 6103 18159 15367 4747 107898 194017 25463 32848 142178 64206 124597 30944 79540 50569 91401 129163 79141 98652 157315 121052 17563 107443 5629 128564 135579 53956 82842 158307 148749 153115 25301 153817 1336 156304 134144 162436 37728 47445 109078 148718 182826 147255 183490 39238 6875 48051 147233 153256 150509 129060 42100 189454 193078 159083 11145 22345
200
0 0 0 0 0 0 0 0 0 0 0 0 0 0 0 0 0 0 0 0 0 0 0 0 0 0 0 0 0 0 0 0 0 0 0 0 0 0 0 0 0 0 0 0 0 0 0 0 0 0 0 0 0 0 0 0 0 0 0 0 0 0 0 0 0 0 0 0 0 0 0 0 0 0 0 0 0 0 0 0 0 0 0 0 0 0 0 0 0 0 0 0 0 0 0 0 0 0 0 0 43208 86456 6780 46860 79770 72450 94215 82584 89964 168831 71903 99781 38088 179896 98498 132188 140815 117373 126189 128420 66612 131668 21857 132892 144730 7847 124543 130482 158702 154214 89250 145355 130067 134328 96390 148646 124161 194945 156249 45020 23740 27296 145632 34632 173033 53896 4529 78381 109054 28374 163207 38432 138563 171638 2601 22532 22898 69961 135355 2852 2740 100514 17622 147111 150186 31284 57156 144554 93950 108770 185581 134369 152738 75624 37342 175571 158920 106781 143949 129384 184314 91788 146840 6925 32504 187631 55592 181026 183064 30288 173361 80472 172030 142626 177784 101188 52602 137480 46828 175474
200
167107 191115 186359 76478 115268 92900 95896 151328 18074 39057 121578 49767 110208 28568 185421 52683 107361 24189 184851 21284 176632 61200 157709 180310 30209 38555 194155 138104 126145 31739 97173 34467 148544 93831 19368 67662 129685 87159 183298 7181 19051 128704 42885 116023 144214 43214 66438 97994 70058 98962 42993 72035 169197 18076 26676 182091 673 51751 12992 29631 29758 192112 60839 156435 41087 122697 47506 102587 107944 182141 122046 60990 150515 146209 14351 13104 136035 50638 183295 112448 185315 147765 105255 170920 125316 124468 152723 153424 196541 162062 283 56983 73423 130584 69720 66964 36396 145223 72846 97010 2712 60473 19434 48499 139390 147247 72498 33251 34383 52302 97879 49573 76546 70464 101367 13754 124317 77965 24484 142398 173098 90118 154647 6453 115387 83294 106854 89556 38900 167821 50361 146818 130915 1489 36705 182951 195493 9546 136482 12265 95471 97073 33134 49219 89595 197532 159805 54732 154276 58151 114584 26413 195257 144063 44355 55057 124821 65611 139608 79895 90929 59746 62491 49466 135350 187809 178964 65847 118138 37478 67728 94587 151893 37315 176182 34432 141532 41797 199356 92730 184736 139331 39609 4195 24555 148641 181568 162592 140711 139050 158754 177141 115117 157653 74443 160640 78777 125222 37199 134764
200
0 0 0 0 0 0 0 0 0 0 0 0 0 0 0 0 0 0 0 0 0 0 0 0 0 0 0 0 0 0 0 0 0 0 0 0 0 0 0 0 0 0 0 0 0 0 0 0 0 0 0 0 0 0 0 0 0 0 0 0 0 0 0 0 0 0 0 0 0 0 0 0 0 0 0 0 0 0 0 0 0 0 0 0 0 0 0 0 0 0 0 0 0 0 0 0 0 0 0 0 15700 191738 164454 194688 160664 149263 79302 176921 119399 174096 58982 62444 176272 116481 52608 124475 53595 138972 59387 152527 104446 138529 141105 166042 93561 115565 121851 53254 69413 103395 24302 186329 145333 3912 178207 143414 178664 72718 184051 178298 129588 167972 26052 177928 164791 183386 32911 59964 94928 23193 128199 7966 89031 58233 33349 10465 103423 44557 194954 67497 68957 162701 183876 91403 41658 14880 80191 118046 86269 166693 152523 91305 101849 3283 184530 103126 80678 123286 11344 142547 9037 39380 92530 128175 86187 37771 4338 33714 170137 4908 114347 50295 192098 8863 194666 56034 20554 15654 64827 88026
200
48140 31208 27722 7470 71712 38844 38180 30378 27390 17264 64076 68226 60258 40020 25944 23046 6210 59616 32292 31740 25254 22770 14352 53268 56718 50094 57420 37224 33066 8910 85536 46332 45540 36234 32670 20592 76428 81378 71874 30740 19928 17702 4770 45792 24804 24380 19398 17490 11024 40916 43566 38478 106140 68808 61122 16470 158112 85644 84180 66978 60390 38064 141276 150426 132858 44370 28764 25551 6885 66096 35802 35190 27999 25245 15912 59058 62883 55539 41180 26696 23714 6390 61344 33228 32660 25986 23430 14768 54812 58362 51546 9860 6392 5678 1530 14688 7956 7820 6222 5610 3536 13124 13974 12342 53940 34968 31062 8370 80352 43524 42780 34038 30690 19344 71796 76446 67518 13340 8648 7682 2070 19872 10764 10580 8418 7590 4784 17756 18906 16698 13630 8836 7849 2115 20304 10998 10810 8601 7755 4888 18142 19317 17061 36250 23500 20875 5625 54000 29250 28750 22875 20625 13000 48250 51375 45375 77140 50008 44422 11970 114912 62244 61180 48678 43890 27664 102676 109326 96558 166 138 198 106 366 153 142 34 186 46 47 125 266 290 188 167 45 432 234 230 183 165 104 386 411 363 198183 121304 65607 169834 20262
200
3920 3250 760 3920 2290 1170 3300 3600 1260 3870 1340 72520 60125 14060 72520 42365 21645 61050 66600 23310 71595 24790 112504 93275 21812 112504 65723 33579 94710 103320 36162 111069 38458 101136 83850 19608 101136 59082 30186 85140 92880 32508 99846 34572 21952 18200 4256 21952 12824 6552 18480 20160 7056 21672 7504 141120 117000 27360 141120 82440 42120 118800 129600 45360 139320 48240 175224 145275 33972 175224 102363 52299 147510 160920 56322 172989 59898 143864 119275 27892 143864 84043 42939 121110 132120 46242 142029 49178 76048 63050 14744 76048 44426 22698 64020 69840 24444 75078 25996 98784 81900 19152 98784 57708 29484 83160 90720 31752 97524 33768 134848 111800 26144 134848 78776 40248 113520 123840 43344 133128 46096 10 185 287 258 56 360 447 367 194 252 344 392 325 76 392 229 117 330 360 126 387 134 183217 151698 28975 19421 90605 153122 33990 159504 79956 92464 10231 80077 150451 56794 192151 12266 94938 54091 116147 118877 17686 14386 54719 117509 54021 180523 55549 138582 145125 46841 9217 38394 125110 6951 65939 191601 48449 146126 163622 174885 42917 135803 92073 125200 41061 147356 148998 7614 16900 81159 148635 4257 135318 166541 47494 138782 125143
200
7127 175530 197102 169372 25936 68510 163470 190573 140171 178193 197842 183531 107155 84840 45061 29378 144371 58192 59707 195357 12394 36829 78890 57985 80717 147479 33611 17702 24622 187804 36334 107772 176256 90622 178291 102435 191598 197612 46233 84700 81581 49462 86678 96787 3605 104229 122874 177351 13867 81550 28860 29636 134720 155681 138849 195061 108195 65548 114447 156209 188768 157166 103837 105831 101824 169816 89058 138171 44760 88429 183519 18953 158012 25630 89251 96428 2640 92964 183803 133510 101185 128643 191991 185213 28583 44527 41921 133380 18538 115353 193924 50201 18623 163735 34387 194839 118544 61823 5146 147728 32631 194361 154924 59644 54432 19805 53348 26575 73806 81813 131200 119928 51559 172734 171331 175953 154255 74821 80142 193022 153763 8013 129631 99722 159186 117450 155671 14434 46138 178206 27190 47481 193513 166178 121011 177223 19627 8486 68406 137511 157928 159160 91799 171254 161487 193975 896 18912 168991 41705 115464 142523 55931 127620 20676 130293 97457 17017 185046 194507 178855 159826 189283 9835 60418 127465 18220 65192 196533 174344 51883 77545 120404 70556 21871 105024 98422 133417 145943 134512 190940 50135 3959 36070 191828 183279 124739 90151 170509 166192 115275 106963 47862 56182 72509 135923 126804 32578 167564 153524
200
0 0 0 0 0 0 0 0 0 0 0 0 0 0 0 0 0 0 0 0 0 0 0 0 0 0 0 0 0 0 0 0 0 0 0 0 0 0 0 0 0 0 0 0 0 0 0 0 0 0 0 0 0 0 0 0 0 0 0 0 0 0 0 0 0 0 0 0 0 0 0 0 0 0 0 0 0 0 0 0 0 0 0 0 0 0 0 0 0 0 0 0 0 0 0 0 0 0 0 0 0 0 0 0 0 0 0 0 0 0 0 0 0 0 0 0 0 0 0 0 0 0 0 0 0 0 0 0 0 0 0 0 0 0 0 0 0 0 0 0 0 0 0 0 0 0 0 0 0 0 0 0 0 0 0 0 0 0 0 0 0 0 0 0 0 0 0 0 0 0 0 0 0 0 0 0 0 0 0 0 0 0 0 0 0 0 0 0 0 0 0 0 0 0 0 0 0 0 0 0
200
154433 73132 133816 164547 1945 65352 144319 44346 89859 94527 162770 77080 141040 173430 2050 68880 152110 46740 94710 99630 113145 53580 98040 120555 1425 47880 105735 32490 65835 69255 141332 66928 122464 150588 1780 59808 132076 40584 82236 86508 66299 31396 57448 70641 835 28056 61957 19038 38577 40581 91310 43240 79120 97290 1150 38640 85330 26220 53130 55890 114336 54144 99072 121824 1440 48384 106848 32832 66528 69984 3573 1692 3096 3807 45 1512 3339 1026 2079 2187 15483 7332 13416 16497 195 6552 14469 4446 9009 9477 71460 33840 61920 76140 900 30240 66780 20520 41580 43740 389 410 285 356 167 230 288 9 39 180 397 188 344 423 5 168 371 114 231 243 131780 178525 7054 71285 69080 197976 152521 116137 93868 58135 135584 158888 188321 47350 141254 72345 133488 157166 60531 66898 9753 199278 141735 185098 96859 65003 145875 177383 105222 165122 87967 54374 142893 117658 176190 83891 98321 6592 57021 11183 132214 104161 6547 5034 146027 123693 115754 135824 159572 61409 50142 82511 7314 40775 97458 102836 29640 55614 19860 100589 105598 67888 141208 169918 55449 25859 89132 43595 142317 33443 22229 174733 98977 145406 92656 66132 177714 21815 182075 40080
200
175646 17298 166496 151249 54613 118728 90933 87642 129072 157956 127664 22543 196337 114713 145421 102034 22720 106641 98761 116846 86800 109198 103020 6221 79956 169398 108089 92713 126995 41356 64298 46399 47212 172152 174202 51007 175366 105537 43001 113927 102200 129342 62895 63295 33006 163490 195600 140044 70916 171051 92695 38398 20309 108645 4135 20449 44766 117808 34183 141595 148879 152758 3573 166753 53031 127875 96922 52497 48594 82921 86077 122361 143693 101050 16242 71547 112935 115785 182010 81507 74292 131248 46953 67039 26666 166656 158126 188167 55131 39801 47641 74729 25930 8060 42560 130745 54867 168334 70619 117967 100779 158924 161697 23684 61249 56734 144796 57533 87621 98763 60556 123210 108461 143879 165002 45481 149430 30344 146311 67114 122586 118280 75281 60594 190636 78835 108904 53726 72670 2981 58889 142304 72536 133960 115311 17083 98338 156286 106663 164525 180087 31736 75848 77112 65518 112960 170120 6936 77556 193780 156850 194027 139388 64072 172809 48568 31672 93049 182453 147013 129130 149994 32539 120635 143441 169591 41241 10760 148776 187605 32596 154230 66853 3915 43732 76643 112406 19600 29006 45143 5026 31840 44503 199397 52974 10067 34549 107531 191515 66955 78318 130922 177083 167755 61236 181484 111293 59030 39233 134050
200
80197 17732 174499 73749 66898 139438 7657 93496 5642 83824 59700 13200 129900 54900 49800 103800 5700 69600 4200 62400 87958 19448 191386 80886 73372 152932 8398 102544 6188 91936 74824 16544 162808 68808 62416 130096 7144 87232 5264 78208 31243 6908 67981 28731 26062 54322 2983 36424 2198 32656 31243 6908 67981 28731 26062 54322 2983 36424 2198 32656 64874 14344 141158 59658 54116 112796 6194 75632 4564 67808 64675 14300 140725 59475 53950 112450 6175 75400 4550 67600 52934 11704 115178 48678 44156 92036 5054 61712 3724 55328 70844 15664 154148 65148 59096 123176 6764 82592 4984 74048 403 300 442 376 157 157 326 325 266 356 199 44 433 183 166 346 19 232 14 208 84236 123651 137100 38956 190748 35141 18075 191121 176808 22491 10834 99075 4983 186379 3611 112986 70235 79117 134401 101236 187851 127565 23676 60079 143405 24719 5685 173996 9737 124557 80409 107351 40703 88183 67049 50383 39763 62730 142142 75787 90179 53313 197356 169599 22308 62245 39677 73534 84074 191098 190589 153054 127994 163550 143413 166839 119716 15636 199879 23613 103433 114199 101199 176004 63220 49848 73952 154250 179729 70690 117755 65952 176076 16400 144990 148717 35695 98201 20208 88035
3
65537 65537 131073
