100
5 1
3 1 4 1 5 9
2 7 1 8 2 9
4 8 15 16 23 42
400000 1
421560181 96545364 379648456 267960814 266545076 563116168
421560181 96545364 379648456 267960814 266545076 563116168
379011 142305 327172 81647 348713 400000
268667 1
0 0 0 0 0 1000000000
221077022 239363532 63731912 287183842 488171282 521171186
10477197 23958355 1162241 17111664 32350075 56386141
400000 1
267088409 101802473 6292541 290167216 70422346 396703787
267088409 101802473 6292541 290167216 70422346 396703787
366659 127952 7407 114198 44004 400000
400000 1
0 0 0 0 0 1000000000
64924828 100736320 135012922 65788473 115173080 142165196
102793497 95503233 107423171 3736215 261262739 262672561
400000 1
110580759 81354205 55498896 110178595 146463084 298549255
110580759 81354205 55498896 110178595 146463084 298549255
330253 332289 305236 173735 140682 400000
400000 1
0 0 0 0 0 1000000000
506067132 160134823 12337055 127028515 479376129 648877935
65533077 195764622 733062841 493560199 712634925 737372184
400000 1
0 0 0 0 0 1
999999999 999999999 0 0 999999999 1000000000
0 0 0 0 0 1
283781 1
0 0 0 0 0 1000000000
397112647 353998108 560009757 117304940 496070767 999674188
175592599 367024213 279001818 203058315 172748640 383702348
400000 1
344309592 399741617 219306183 489901189 445302326 494027995
344309592 399741617 219306183 489901189 445302326 494027995
55990 6849 365680 244414 365875 400000
400000 1
0 0 0 0 0 1000000000
999999999 999999999 0 0 999999999 1000000000
234830404 667835024 168230747 343062633 922061690 930151403
257044 1
50366621 223238918 174626558 200789922 306571337 333208747
12001123 11152555 5654838 8207937 15043958 16311303
135431261 146175665 84191627 97442574 148218024 205805169
400000 1
56665591 14352425 96631913 47233188 46143440 112812213
31033756 202555303 106524954 126103032 212615636 285226712
203910889 40003270 154907273 128648790 262184315 266159449
400000 1
418029299 179399526 118631490 918435027 664255702 984224395
999999999 999999999 0 0 999999999 1000000000
33321167 60848155 13217682 32894093 93857541 105505238
400000 1
738271475 811565068 742513192 733959576 506315689 910893239
626628307 190095474 623562232 740117347 289417415 985217932
389732654 76917329 165321677 322811598 603087654 945938547
400000 1
553504301 104414272 731279053 570160719 19708845 994650192
553504301 104414272 731279053 570160719 19708845 994650192
104847 143057 91630 349813 177001 400000
10943 1
69648544 294041791 140660834 238972384 98476727 310549552
204893113 895394871 542005044 845612979 155756674 963819744
8423436 27848910 30935362 91692180 13460482 92410624
400000 1
92743220 77555622 20003832 84932446 72255237 142934982
92743220 77555622 20003832 84932446 72255237 142934982
282456 140538 229290 367094 175849 400000
34246 1
770009881 355250302 256311743 393057902 106442606 937279714
812499806 485137489 92409669 27985182 406751359 883058348
88380585 65449523 10386017 12213798 34353059 135615689
400000 1
0 0 0 0 0 1000000000
295697298 809760729 372212414 589559450 774953178 911184236
243528248 17521145 329613203 223571554 332235480 340072171
400000 1
65693724 168584235 327561588 239480118 96172628 377577226
65693724 168584235 327561588 239480118 96172628 377577226
227102 70488 133672 66328 258442 400000
400000 1
86129361 154616254 56689634 521623567 590841276 701814542
86129361 154616254 56689634 521623567 590841276 701814542
160941 106143 330599 271512 14371 400000
400000 1
224956120 243382165 102320723 270740326 29983220 294669367
224956120 243382165 102320723 270740326 29983220 294669367
150135 324009 129663 299825 237617 400000
268667 1
53119363 107539811 58672548 97097891 15039240 117068614
423175134 487256945 819374972 76818449 432916693 872771042
707606719 21013458 517301213 362799357 649836684 718364132
400000 1
694659709 391309554 497810261 103436181 132964454 846980723
694659709 391309554 497810261 103436181 132964454 846980723
359392 317290 191066 124645 190980 400000
34246 1
524583989 123894538 465181969 50336492 470651320 652321761
524583989 123894538 465181969 50336492 470651320 652321761
4043 16123 28437 6367 606 34246
112682 1
11195059 7643191 10076380 35772691 58176006 115471079
11195059 7643191 10076380 35772691 58176006 115471079
31124 23829 1567 82557 104850 112682
136442 1
334512603 175399420 195933992 124131317 50408170 364949507
334512603 175399420 195933992 124131317 50408170 364949507
1957 111305 53111 132587 99615 136442
98879 1
697163715 144514749 234805761 838258727 190525770 855692658
333399742 265602782 173647732 307412978 109139781 385460837
199926788 114086323 124610491 273749900 44934677 368501350
114797 1
442479534 29826278 436309079 45546962 209279514 838270114
260851924 114953471 238536453 43483081 121503435 295289488
290676969 106730878 477099226 67583100 361212894 494037397
136442 1
352542674 476311903 82964560 207922541 469222326 493368473
999999999 999999999 0 0 999999999 1000000000
396461398 338620280 348000418 399296976 299689899 467853570
224033 1
492627492 188984126 274159583 51601990 121237881 682676066
8502859 30036101 28873111 6338827 10328986 46831502
3211801 3759401 3829723 2346507 543814 3911627
400000 1
351042812 72758615 632522656 8437922 663604721 744824127
999999999 999999999 0 0 999999999 1000000000
316784410 92295401 641060652 510388019 740189167 749804129
400000 1
132280390 161372424 85852398 75148625 130912332 163556707
134246401 64534939 82669522 107699287 5971557 163225249
110886279 481180815 74627090 208835728 300597172 492836729
283781 1
200292368 193703738 237663894 214228352 266959604 312708900
200292368 193703738 237663894 214228352 266959604 312708900
205072 132089 281224 123136 264511 283781
290507 1
0 0 0 0 0 1000000000
999999999 999999999 0 0 999999999 1000000000
241609193 176481409 356573070 5745966 396473538 446315619
290507 1
481622892 682984418 407200698 613539802 279033133 690001572
999999999 999999999 0 0 999999999 1000000000
238553654 697497006 581896558 138741667 294798480 940801963
400000 1
160943543 219774906 153004938 159718122 87665818 330931118
160943543 219774906 153004938 159718122 87665818 330931118
0 0 0 0 0 1
400000 1
34361053 15810947 27136307 25820420 77792128 81782448
74008091 683134420 759456189 394531510 294766918 759535889
98702291 33776160 139894895 122849509 121229024 322530221
16100 1
297973635 660377633 667154347 754420723 185442198 767218913
355995632 413758694 169499541 139655751 454959623 474341654
582890228 567257891 465362038 535319114 298537231 719004904
350673 1
15938513 248968486 368609259 160116427 235082844 404208395
120966863 324555539 182322518 680739044 455530636 716445474
105381664 76145666 61441247 109482830 142190743 164852099
283781 1
15509889 526017093 149604565 534124295 437728611 555052192
76254926 212409584 205053349 312146416 363090970 380124473
209277541 257055258 52271649 284835805 248152282 286545370
400000 1
111000317 124875841 7264607 193972835 61912564 216797643
111000317 124875841 7264607 193972835 61912564 216797643
350940 341191 18722 281924 387549 400000
290507 1
199204358 370003507 337451692 184410237 19073562 458976461
173326802 182822293 48869129 154739903 431543842 669761723
413067530 204801186 357704252 335794626 198722688 517683431
268667 1
448920433 809962512 126465173 30741690 660531318 908055973
999999999 999999999 0 0 999999999 1000000000
163782264 554741086 32029410 410623878 28098122 649558008
400000 1
113143488 23917815 341846563 211484496 118218377 410357110
113143488 23917815 341846563 211484496 118218377 410357110
177447 228765 189329 102638 315835 400000
400000 1
45843771 105329650 81209789 117248389 7717690 198508057
340841586 221954998 114152157 462673074 228992274 610974280
253010233 425260016 164633700 206873768 126883684 505198489
136442 1
235976153 94917327 147511699 234736495 118764659 252008139
3078772 5892140 38566350 33143495 25874658 39769191
187272559 310745894 413884514 238479490 459630425 485151836
400000 1
0 0 0 0 0 1000000000
999999999 999999999 0 0 999999999 1000000000
131260005 80587413 598232371 712498703 108837274 787419733
400000 1
15368576 58923365 14058809 13698776 46476004 63265862
20017966 133239953 113500874 92889591 100230437 175493994
126489728 37135239 91291769 75132875 117729647 126611840
400000 1
33713501 90257073 69545649 55696804 90641004 112400102
33713501 90257073 69545649 55696804 90641004 112400102
156236 50175 286575 310119 106355 400000
400000 1
102053343 69135892 629679097 116551402 462512470 831959389
102053343 69135892 629679097 116551402 462512470 831959389
347817 227007 367446 240929 327580 400000
400000 1
132380069 159420913 50635870 128952733 75834691 189020181
132380069 159420913 50635870 128952733 75834691 189020181
81768 33207 121801 161829 282178 400000
1 1
0 0 0 0 0 1
0 0 0 0 0 1
0 0 0 0 0 1
59714 1
257218841 192613777 358602292 105453282 525227486 549138001
154353276 299711679 198272797 343283927 368889000 473532229
2466153 6620260 8772374 5519770 8762979 14880998
400000 1
7418088 250770355 222492013 9741063 228386666 310966100
999999999 999999999 0 0 999999999 1000000000
147742318 14743149 377758980 196134115 137704107 386890507
400000 1
0 0 0 0 0 1000000000
999999999 999999999 0 0 999999999 1000000000
367459347 86385847 273893528 93306377 287368849 570536649
136442 1
0 0 0 0 0 1000000000
47271815 501289334 474523246 462796838 160222530 546671723
309694940 296274151 464759679 355647769 223634691 537830416
164114 1
795847254 207021215 274519383 343310393 574405607 847057375
219252421 139331628 103145803 6730188 236415820 245262840
397515305 175527664 207153839 356503226 388402635 408550981
400000 1
259868034 183928200 70550820 139085210 41542221 286699191
999999999 999999999 0 0 999999999 1000000000
161890437 392244910 254906333 333695670 369954585 407364802
283781 1
0 0 0 0 0 1000000000
999999999 999999999 0 0 999999999 1000000000
51504044 67499572 139963261 63632405 126446492 210174633
112682 1
0 0 0 0 0 1000000000
999999999 999999999 0 0 999999999 1000000000
294330308 166331500 527125 206160787 73793341 311603482
268667 1
75561340 279209667 261279542 394595852 480587040 694400716
75561340 279209667 261279542 394595852 480587040 694400716
72785 172718 159567 202167 106834 268667
290507 1
0 0 0 0 0 1000000000
667008976 465383456 167423622 127679388 165871387 782903785
28758292 17040156 127827220 30730207 106066095 148553561
270292 1
386877004 406114864 76280195 416509037 424393141 595071789
753067654 839741840 24043157 351648073 762740578 897441279
215872961 320196362 36850571 131086933 215927892 604728954
400000 1
0 0 0 0 0 1000000000
64618968 1076788 19336562 55458379 26007765 96469842
301160871 837558327 427552352 455984529 812036091 975954480
290507 1
139226195 65106191 91503210 168190275 9575140 209282769
139226195 65106191 91503210 168190275 9575140 209282769
137931 159043 277007 13189 191162 290507
400000 1
143207529 2224918 158310921 79730522 122856389 232067040
143207529 2224918 158310921 79730522 122856389 232067040
142372 87788 384047 379388 225996 400000
268667 1
0 0 0 0 0 1000000000
999999999 999999999 0 0 999999999 1000000000
91494724 62019697 93100993 66944807 121383033 130520561
400000 1
70827976 61810222 516984219 439181715 60128476 752962615
70827976 61810222 516984219 439181715 60128476 752962615
170255 398804 52083 353953 203014 400000
400000 1
181366208 142732726 143544668 90963476 439696950 528927505
181366208 142732726 143544668 90963476 439696950 528927505
216201 266892 155773 236992 33150 400000
400000 1
82751608 152490553 54869485 146404680 68546051 157461244
999999999 999999999 0 0 999999999 1000000000
559211730 9551814 119672534 629650369 309356358 872580963
400000 1
0 0 0 0 0 1000000000
119844267 216579754 222057309 196084661 40415908 228834687
4274179 375570069 515497789 104016225 502460517 618390143
400000 1
0 0 0 0 0 1000000000
999999999 999999999 0 0 999999999 1000000000
15803694 168400569 54410561 27794352 147846621 188241625
400000 1
0 0 0 0 0 1000000000
999999999 999999999 0 0 999999999 1000000000
119198836 245554376 286464714 278157726 196917246 464538877
400000 1
79518659 242026686 163102053 71331196 222275915 245839891
79518659 242026686 163102053 71331196 222275915 245839891
316067 314167 38619 297145 228268 400000
400000 1
222245672 77129593 63010600 10313032 22697545 278501185
222245672 77129593 63010600 10313032 22697545 278501185
227540 47729 109801 233034 335955 400000
112682 1
611925198 218157418 723331219 684955596 385863785 803173747
452990630 28652170 242373227 62996517 66849970 470105792
50824315 11579216 14417433 84036336 1452410 89096846
283781 1
83248510 100645897 13329018 84646809 43123385 130384482
999999999 999999999 0 0 999999999 1000000000
708095291 576401093 191999220 23813612 140118730 728290642
400000 1
634805373 717944968 622622478 169337785 825280822 869051867
634805373 717944968 622622478 169337785 825280822 869051867
380555 95640 315337 213570 152808 400000
34246 1
223117505 27943663 207681060 224739488 47630267 352625658
999999999 999999999 0 0 999999999 1000000000
10530976 110990419 244721952 65752674 99041305 267685274
34246 1
0 0 0 0 0 1000000000
352116427 408343235 314864847 211565656 331564457 416313679
13053529 2147410 72475972 69475466 85688485 105677945
400000 1
0 0 0 0 0 1000000000
999999999 999999999 0 0 999999999 1000000000
61461331 22713533 12807396 23292368 49823134 112684579
112682 1
0 0 0 0 0 1000000000
33214570 9386329 37636396 17273630 30916114 40940936
271591490 253277618 95742681 240871971 118540072 274752320
400000 1
215424068 59896604 190242894 311252698 76497654 468460187
215424068 59896604 190242894 311252698 76497654 468460187
351311 210985 370194 312907 225285 400000
136442 1
0 0 0 0 0 1000000000
999999999 999999999 0 0 999999999 1000000000
287825096 754575520 565490998 230463602 539878086 864976968
400000 1
535400491 683966940 468892616 334625283 396768872 818859661
535400491 683966940 468892616 334625283 396768872 818859661
35664 78955 200293 365702 200737 400000
34246 1
0 0 0 0 0 1000000000
999999999 999999999 0 0 999999999 1000000000
239586428 2124175 77956768 200716444 168970909 247962742
400000 1
25112341 79127404 213762242 245189416 510910102 566533752
25112341 79127404 213762242 245189416 510910102 566533752
395851 155023 365852 80036 181558 400000
400000 1
529029366 466829698 188638140 212142396 136073391 601266596
529029366 466829698 188638140 212142396 136073391 601266596
116434 244533 365028 252411 128812 400000
400000 1
0 0 0 0 0 1000000000
37628984 121888748 301016677 341221289 368738239 415243500
400835941 10092251 426582706 487155547 326642553 512179514
400000 1
716812736 777778019 273209904 22946516 390119225 815095194
716812736 777778019 273209904 22946516 390119225 815095194
58427 150517 506 377690 233477 400000
400000 1
6790870 224801112 150852718 77706162 277235229 284953680
6790870 224801112 150852718 77706162 277235229 284953680
17087 105038 50346 201326 168854 400000
112682 1
12785369 40785858 40312296 33046120 8690697 83393658
999999999 999999999 0 0 999999999 1000000000
391030023 483532450 211622558 235358966 288932494 573636380
400000 1
325011582 191471014 155554662 138058797 35178780 416808308
999999999 999999999 0 0 999999999 1000000000
476718105 231767166 395068745 323865651 659009827 952234742
400000 1
450346093 277659681 180096195 149380358 204116944 468908115
450346093 277659681 180096195 149380358 204116944 468908115
319000 397802 108068 6246 64300 400000
400000 1
268219061 181979054 38191972 253156984 87495643 275511477
268219061 181979054 38191972 253156984 87495643 275511477
115551 381088 201958 77662 114484 400000
1 1
0 0 0 0 0 1
0 0 0 0 0 1
999999999 999999999 0 0 999999999 1000000000
400000 1
212708441 201428779 48467747 35501164 84464819 473439713
212708441 201428779 48467747 35501164 84464819 473439713
289020 78092 384628 11737 7776 400000
400000 1
17569900 72499407 29442281 63778665 39887607 89124621
17569900 72499407 29442281 63778665 39887607 89124621
28803 70140 391489 167703 136352 400000
