100
3 1 4
1100
1010
0000
1000
2 4 4
1111
1111
1111
0111
1011
1101
10 10 6
100111
110011
100100
010110
100011
100101
000000
000101
011001
001010
100011
010110
000101
000000
100100
110011
100101
011001
001010
100111
10 10 7
1011101
0010111
0000011
1010011
0111110
0011110
1101011
1100000
0111101
1100011
0111101
0000011
1101011
1100000
0111110
1011101
1100011
0011110
1010011
0010111
10 10 10
0101011110
0101011110
0101011110
0101011110
0101011110
0101011110
0101011110
0101011110
0101011110
0101011110
0100011000
0011000010
0110110000
0110110100
1011000011
1100011110
1110000001
0111001110
1010000000
1010110110
10 10 10
1111001001
0100011001
1100100100
0001111011
1111101101
0111110101
0100101001
0000011111
0001111010
1111011101
0111110101
0100101001
1111011101
1111101101
0000011111
1111001001
0001111011
1100100100
0001111010
0100011001
10 10 9
010111110
000000011
100111111
110100110
000100111
001110001
000100010
101011011
010111011
110011000
000100010
010111110
110011000
101011011
010111011
110100110
000100111
000000011
001110001
100111111
10 7 3
101
101
011
001
100
100
001
101
010
101
000
100
010
011
001
101
111
10 10 9
010111000
101000011
010101110
111110011
011100001
111110100
100001100
100001000
001111100
101001110
100001100
111110011
101000011
010101110
010111000
011100001
001111100
100001000
101001110
111110100
10 10 10
1111101111
0011100111
0110010010
1011011001
1101110000
0101010111
1000000010
1001110100
1111001000
1001011000
0110010010
1000000010
1011011001
1111001000
1001011000
1001110100
1111101111
0011100111
0101010111
1101110000
10 10 7
1010110
0100101
1010110
1010110
0110110
0110111
0100101
0100101
1110110
0100101
1010100
0110111
0110110
1011110
1010110
1000110
0100101
0010110
1010010
1110110
1 10 10
1101100100
1101100100
0110101100
1111001011
0101001010
1000011111
1001011111
1101000001
1001000110
0000101000
0000111101
10 10 9
101001001
101011101
101001101
101001101
101001001
101001001
101001011
101011001
101001011
101001011
101001101
001001001
101000001
101101001
101011001
111001001
101011101
101001011
101001001
100001001
10 10 4
1100
0110
0110
0110
0110
0110
1100
0110
1100
0110
0101
0100
0111
1101
1110
0110
0000
1100
1000
0010
10 10 7
1001000
0101000
0111010
0101100
0110101
0001110
1001001
1110001
0111100
1011100
1011100
0101100
1001001
0111100
0111010
1110001
0001110
0110101
1001000
0101000
10 10 10
0100000100
0100000100
0100010010
0100010001
0100010110
1100010100
0100000100
0100011100
0100010100
0100010101
0100010110
0100010001
1100010100
0100010010
0100010100
0100010101
0100011100
1100000100
0100000100
0000000100
10 10 10
1001101001
1000011101
0101001100
1101101100
1000100110
1111101110
1100000010
0011111001
0001100010
1011100110
1011100110
1000011101
1100000010
1101101100
1111101110
0011111001
1000100110
0001100010
1001101001
0101001100
10 10 4
0111
0101
1011
1001
1000
1010
0001
0110
0011
1001
1011
1111
1001
0011
1000
1010
0001
0111
0110
0101
7 9 5
11001
11100
01101
11111
00001
10111
00010
10001
01010
10101
10111
01011
11001
01000
00110
10011
10 10 9
111010101
111010101
111010101
111010101
111010101
111010101
111010101
111010101
111010101
111010101
011010101
101010101
111110101
111000101
111010100
111010101
111010001
111010111
111011101
110010101
10 10 10
0111010010
0111001000
0101110011
1011100011
0010010100
0110110000
0010101010
0010000011
1111010100
0011111011
0010000011
0111010010
0101110011
1011100011
0011111011
1111010100
0010010100
0110110000
0010101010
0111001000
7 10 8
01110111
01100111
11100001
00110000
11110101
11001111
01110010
01010101
11000110
10010100
10101010
11101101
00110001
01100011
01011011
10011100
11000000
10 10 4
1011
1011
1011
1011
0001
1011
1011
1011
1011
1011
1111
0001
0000
0011
0111
0010
0101
1001
1011
1010
10 10 4
1110
1111
1011
0100
1100
1010
0100
0110
1111
1100
0111
1101
0011
1010
0110
1011
1100
1111
0100
1110
10 10 4
1110
1100
0011
0000
1101
1011
1110
0001
1010
1111
1101
1111
1110
0001
0110
1010
0111
0011
0000
1100
10 10 6
101001
001000
000011
111100
110100
011000
110011
110110
111100
100111
111100
001001
000011
101001
110100
001000
011000
100111
110110
110011
10 10 5
10100
10100
10100
10100
10100
10100
10100
10100
10100
10100
10101
10100
01100
10000
10110
00110
00101
00000
11100
00100
10 10 6
000101
011001
100101
111111
001010
100010
000111
110000
110100
110100
111111
001010
000111
100010
110100
100101
110000
010101
000101
011001
1 1 4
0000
0000
10 10 5
10100
10110
11100
10100
11101
11111
00100
11100
01100
01100
10000
11101
00100
10110
10101
10100
11111
11100
00110
01100
10 10 6
111101
101010
010010
011011
001000
010111
010001
011100
010010
111010
010111
010010
101010
011100
011101
010001
111010
011011
001000
111101
10 10 5
10100
10100
10100
10100
01000
10100
10100
10100
10100
10100
11000
10100
01000
10000
10101
11100
00000
10110
00100
01100
10 10 4
0111
0110
0100
1111
1001
0001
0000
1001
1100
0010
0010
0100
0110
1100
1111
0111
0000
1001
0001
0011
10 10 6
000111
100111
100000
001101
101111
011100
011100
000000
001100
000011
000111
000011
100000
000000
010111
100111
001101
011100
101111
001100
1 10 10
1110001101
0010100100
1101101111
0111001101
0010111100
1110001101
0101100101
1101111000
1001001001
1010011011
0000010101
10 10 9
011111101
011111101
010100111
011100111
010111101
010110111
010111111
011101111
011111111
011101111
011111111
011101111
010111101
011100111
011111101
010100111
111111101
010111111
001111101
010110111
10 10 5
10110
10111
01010
11010
10110
01111
01011
10111
01011
10010
10100
01011
01111
10110
10010
10111
11010
00110
01010
11110
10 10 4
1001
1100
1010
0100
1111
0100
1000
0101
0010
1101
1110
0011
0110
0001
0101
0000
0100
1100
1010
1011
10 10 10
1100110001
1100110001
1100110001
1100110001
1100110001
1100110001
1101110001
1100110001
1100110001
1100110001
1100110011
1000110001
1100110001
1100100001
1100111001
1110110001
1100010001
0100110001
1101110001
1100110101
10 10 4
1100
1100
1100
1100
1100
1100
1100
1100
1100
1100
0100
1101
0000
1110
1000
1001
0110
0101
1100
1010
1 10 10
1101000111
0111011100
1100101000
0101101001
1110000000
0010011000
1101000111
1111010110
1100011110
1011101101
0100111101
10 10 6
011110
101111
011110
001111
111110
011110
011111
111110
011110
101110
001111
010110
101110
011110
101111
011010
111110
011100
001110
011111
10 10 6
010110
000111
101000
101010
011001
111110
000000
001010
111011
101011
000111
101010
101011
001010
111011
010110
101000
011001
111110
000000
10 10 5
11110
01110
11011
01011
11011
11010
01010
01010
11011
01011
00110
11100
11111
10110
01110
01011
11110
11010
01010
11011
10 10 10
0111000000
1111100000
0110010010
1101010000
1111010000
1110000000
1110010000
1110010000
1111000000
1111010000
0101000000
0111000000
1110000000
1101010000
0110010010
0011000000
1110010000
1111000000
1111100000
1111010000
10 10 4
1110
1110
0011
0011
1000
1100
0110
1000
0101
0110
1011
1010
1111
1110
1000
1100
0110
0101
0011
0111
10 10 6
101011
101111
110000
110001
000100
111101
111000
111001
101111
010011
111001
001011
110001
101011
101111
000100
010011
111101
111000
110000
10 7 3
110
011
010
100
101
100
000
101
101
001
010
000
001
100
110
101
011
10 10 9
101001011
110101100
000110101
111101010
011111001
101001100
110100100
100100000
100110100
011011100
011111001
100110100
011011100
101001011
101001100
110101100
110100100
111101010
100100000
000110101
10 10 4
0100
0010
0101
0110
0110
1000
1001
0111
0000
0001
1100
1000
0100
0010
0000
0001
0101
0111
0110
1001
10 10 4
1100
0011
1011
1100
1101
0101
0110
1110
0100
1011
1100
0110
0101
1110
1000
1011
1101
0011
0100
0111
10 10 5
10101
11011
00000
10001
01001
10101
10101
01011
01000
00000
10101
11101
00101
10001
00000
01000
11011
10111
01001
01011
8 3 10
0010101011
0001001110
0010001011
0001111011
0000111001
1110000000
1010100000
1010011111
0001011101
1011011011
1100110000
10 2 10
0101000101
1000001001
0100110010
1000111100
1010110011
1101011011
0101011011
0011111101
0010010100
1001100001
0110100000
1101110011
1 1 1
1
1
10 10 5
00001
01100
10011
01101
11111
11000
10011
11110
11101
01011
01010
11100
11111
10011
01101
01011
00000
11000
10000
11011
10 10 4
0100
1011
0100
0111
0100
1100
1111
0001
0000
0101
0110
1111
0011
1011
1100
0000
0001
0111
0101
0100
6 10 10
1101111000
1000100000
0000110111
0100101000
0001010000
0101100010
0011001010
1001100100
1000010111
1101011100
1001010010
0111111010
1010111100
0111010010
0101100111
1111111011
10 10 10
1110000011
0011111110
0110110100
1011001100
0000111110
1111101100
1110111110
0101100110
1100111110
0000011010
1110010100
0001100011
0101010010
1100011100
1100010111
1101000011
0001101010
0110111001
0110001111
0010101001
10 10 6
100111
000101
010101
110111
110111
111010
110011
111111
010111
101111
111010
101111
100111
111111
110111
000101
010101
110011
010111
000111
10 3 2
11
11
10
01
01
10
11
01
00
00
01
10
11
1 1 10
1111111111
1111111111
10 10 6
011001
010101
111011
100101
000010
000010
110001
010000
110110
111000
111000
110001
111011
010101
100101
010000
011001
110110
111001
000010
10 10 8
00001101
10001101
10001100
10001101
10001001
10011101
10001011
10001100
10001010
11001101
10011101
01001101
00001101
10001011
10001101
10001001
10001010
10001100
00101101
11001101
2 5 10
1101000000
0000001011
1111101111
1110101011
1100010000
0100110010
1111100001
10 10 7
0100111
0111000
0110101
0111010
1000110
1111111
0101100
1100111
0001110
0111011
0001101
1000111
1110101
1000000
0101100
1001101
0111101
0100110
0000001
1001100
10 10 4
1111
1000
1000
1001
1110
1110
1101
1110
1010
0011
1001
1010
1110
0111
1111
1000
0011
1101
0000
1011
9 8 10
1101000110
0000110100
0100100111
1101111101
1101001011
1101010011
1010011000
0011111000
1111011110
1011000101
1010111100
0100010101
0010010011
1101001110
1111001010
0011110011
1011010000
2 2 6
011111
100100
011111
100010
10 10 8
11101010
01111100
10111001
10100001
10101110
01100010
00001100
11101110
01011001
01110110
00001100
11101110
11101010
10111001
01011001
10100001
01110110
01111100
01100010
10101110
10 3 2
11
00
11
11
01
00
11
01
00
11
01
00
11
10 10 8
01010001
01010001
01010001
01010001
01010001
01010001
01010001
01010001
01010001
01010001
11010001
01110001
01010011
01010101
01010000
01000001
00010001
01010001
10010001
01011001
10 8 10
1110011001
1100101101
1100011000
0000101110
1010011100
0010011110
1100010100
1110000100
1100111000
1111110010
0100011110
0111011110
1101001001
0010001101
0000000110
0101111010
0110010100
0110011111
10 10 6
010110
110110
110010
000110
010110
000110
110110
101111
010110
011110
101111
110110
100110
010010
010100
011110
010111
000110
010110
110010
10 10 7
1101011
1111000
0100111
1000000
1111000
1100010
0000101
1010001
0010000
0110011
1000000
1101011
1111000
0000101
0101011
1010001
1100010
0010000
0110011
0100111
10 10 10
1011001000
1010011010
1001100110
1111101110
0100111010
1101001110
0110001001
1111011011
0010111100
0001101011
0000100010
1111111110
0100100011
0000110001
0010110000
1111111101
0001111110
1001111001
0000111001
0101111110
10 10 8
10010010
10000010
10010000
10010010
10010010
10010010
10010010
11101101
10010010
10010000
11010010
11101101
10010011
10110010
00010010
10011010
10010010
10010000
10000010
10010110
10 10 10
1110101000
0111101011
0010100011
0110101000
0010101011
1110001000
0110101000
0110001000
0110101010
0110101011
0110101011
0010101011
0010100011
0111101011
1010101000
0110101010
1110001000
0110101000
0110001000
1110101000
1 10 10
1101111001
1010001100
0100101010
1100001011
0100010101
1110101001
1010110011
1001011111
1101000111
0101000011
1101111001
10 10 9
110000111
110100011
110110011
110010111
110010011
110111011
101100111
100100111
100100011
110100111
101100111
100100111
110100011
100100011
110100111
110000111
110010011
110111011
110010111
110110011
1 10 10
1011111100
0100010101
1001000001
0110100000
1110101111
0101110010
1011111100
0101001001
1101010011
1111010111
1000110100
2 4 6
011001
010001
101011
111111
011001
010001
10 10 10
1111111111
1011111101
0010101000
1010111101
1111111101
0111111101
1011111101
1111111101
0101111101
0110111011
1111111111
0111111101
1011111111
0101111101
1011111101
1111111101
1010111101
0111111111
0010101000
0110111011
10 4 10
1011111110
1110110001
1001111011
0101011110
1101111100
0001101010
1101000110
1111010110
0001000101
0110101100
0001111110
0101110010
0110111100
0001100000
10 10 8
00110101
10100001
00000000
00000001
10110001
10000001
10110101
00110100
10110101
10010001
10100001
10110101
01110101
10010001
00000000
00110101
10000001
10110001
00000001
00110100
10 10 10
0111110000
0011101011
0010111011
0011101000
0111110100
0011101010
0011101000
0000111011
0011101001
0010101000
0011101000
1111110000
0010111011
0111110000
0000111011
0011101001
0011101011
0011101010
0010101000
0111110100
10 10 7
1100001
1000111
1000010
1000001
1000111
1000101
1000100
1100011
1000011
1000100
1000001
1000011
0100001
1100001
1000010
1000101
1100011
1000111
1110001
1000100
10 10 10
1101100011
0111001000
0101101100
0001101101
0000000100
1101011010
0101011110
0110101011
0110101101
0011101011
0011010010
1010001101
0011110111
0101000011
0101010111
1011100101
0001001010
1100101110
0010010001
0000000000
10 10 9
111001010
110101011
011010110
000101011
001011101
001100100
111001001
000010100
101000110
011011001
000010100
101000110
001100100
111001010
111001001
011010110
000101011
011011001
110101011
001011101
10 10 5
11010
11000
10100
11011
11110
10010
10101
00011
10001
00110
00110
00011
10010
11000
11010
11110
10100
11011
10101
10001
10 10 10
0100100011
0110110100
0100101011
0110110101
0100101011
0110110110
0100101011
0100101011
0110110100
0110110100
1001000100
0010011010
1110000101
0001000010
1011100110
0110000110
0011111100
0100101010
1010010001
0100110100
10 1 1
1
0
0
1
0
1
1
1
0
0
1
10 10 10
1010010101
1111111011
0101000001
1010100100
0110010100
0011010110
0011111011
1000111011
1100011110
1000000011
1010100100
0011111011
1000111011
1111111011
0101000001
1100011110
0011010110
1000000011
1010010101
0110010100
10 10 5
10011
01101
10010
01001
01001
01101
10011
10011
10010
01101
01001
00101
01101
00011
10111
11101
10010
11011
10001
10011
10 10 7
1000001
1111001
1001000
1011001
1001101
1111001
1111000
1011000
0000001
1001001
1001001
1111001
1001000
1001101
1100001
1000001
0000001
1111000
1011000
1011001
10 10 4
0010
1101
1000
0101
1100
0001
0100
0111
1110
1111
1110
0001
1000
1100
0010
0101
0111
1101
0100
1111
10 10 5
11011
10100
11011
11011
11011
11011
11011
11011
11011
11011
10100
11010
10011
01011
11111
11001
11011
11100
10000
00100
10 10 7
0000010
1011101
1111101
1111101
1111101
0000010
1110101
1111101
1111101
1111101
0001010
1110101
0010010
1000010
0000010
0100010
1011101
0000110
0000000
1111101
10 10 6
000010
000011
111000
100000
000111
100111
110001
100011
101111
000110
110001
111000
000110
000011
100000
000111
100111
000010
100011
101111
10 10 9
001111011
010101111
100100011
110011001
000011100
010010011
010101111
101111110
000111101
101010101
001111011
100100011
110011001
010101111
000011100
101111011
101111110
010010011
000111101
101010101
